======================================================================
RANDOM FOREST — Driver Identification Report
======================================================================

Train/Test Split:
  Training rounds : [1, 2, 3, 4, 5, 8]
  Test rounds     : [6, 7]
  Train segments  : 1,872
  Test  segments  : 600

Model: RandomForestClassifier (n_estimators=200, balanced class weights)
Features: 33

Train Accuracy : 0.9989 (99.89%)
Test  Accuracy : 0.7183 (71.83%)

Classification Report (Test Set):
--------------------------------------------------
              precision    recall  f1-score   support

   _ALAD201_       0.76      0.93      0.84        28
   _ANIC011_       0.79      0.93      0.85        28
   _BRIG160_       0.91      1.00      0.95        20
   _CHKA302_       1.00      0.67      0.80         6
   _FARC062_       0.47      0.33      0.39        24
   _FEFH030_       1.00      0.85      0.92        26
   _FIND031_       0.52      0.68      0.59        22
   _ISMS130_       0.21      0.12      0.16        24
   _JADR090_       0.93      0.78      0.85        36
    _JOI033_       0.70      0.79      0.75        24
   _JORC051_       0.31      0.50      0.38        22
   _KEPD180_       0.73      0.86      0.79        22
   _KETZ160_       0.58      0.68      0.62        22
   _LIAZ070_       0.50      0.41      0.45        22
   _MAKR091_       1.00      0.71      0.83        24
   _MIBE102_       0.82      0.96      0.88        24
   _NIDL241_       0.75      0.55      0.63        22
   _NIMB230_       0.83      0.95      0.88        20
   _OLOT290_       0.95      1.00      0.98        42
   _RINE150_       0.79      0.68      0.73        22
   _SEMD260_       0.86      0.92      0.89        26
   _SHMM240_       0.78      0.64      0.70        22
   _SOMD122_       0.48      0.45      0.47        22
   _THTH312_       0.76      0.57      0.65        28
   _TOMS241_       0.52      0.64      0.57        22

    accuracy                           0.72       600
   macro avg       0.72      0.70      0.70       600
weighted avg       0.73      0.72      0.71       600


Confusion Matrix (Test Set):
  Rows = True Driver, Columns = Predicted Driver
  Classes: ['_ALAD201_', '_ANIC011_', '_BRIG160_', '_CHKA302_', '_FARC062_', '_FEFH030_', '_FIND031_', '_ISMS130_', '_JADR090_', '_JOI033_', '_JORC051_', '_KEPD180_', '_KETZ160_', '_LIAZ070_', '_MAKR091_', '_MIBE102_', '_NIDL241_', '_NIMB230_', '_OLOT290_', '_RINE150_', '_SEMD260_', '_SHMM240_', '_SOMD122_', '_THTH312_', '_TOMS241_']

[[26  0  0  0  0  0  0  0  0  0  0  1  0  0  0  0  0  0  0  0  1  0  0  0
   0]
 [ 0 26  0  0  0  0  0  0  0  0  0  0  0  0  0  2  0  0  0  0  0  0  0  0
   0]
 [ 0  0 20  0  0  0  0  0  0  0  0  0  0  0  0  0  0  0  0  0  0  0  0  0
   0]
 [ 0  0  0  4  0  0  0  0  2  0  0  0  0  0  0  0  0  0  0  0  0  0  0  0
   0]
 [ 0  1  0  0  8  0  0  0  0  0  0  6  0  0  0  1  2  0  0  0  0  0  6  0
   0]
 [ 0  0  0  0  0 22  0  0  0  0  0  0  0  0  0  2  1  0  0  0  0  1  0  0
   0]
 [ 0  0  0  0  1  0 15  2  0  0  0  0  3  0  0  0  0  0  0  0  0  1  0  0
   0]
 [ 0  0  0  0  3  0  4  3  0  6  0  0  0  3  0  0  1  0  0  0  0  0  0  4
   0]
 [ 4  0  0  0  0  0  0  2 28  0  0  0  0  0  0  0  0  0  0  0  2  0  0  0
   0]
 [ 0  0  0  0  0  0  0  0  0 19  1  0  0  1  0  0  0  0  2  0  0  0  0  0
   1]
 [ 0  0  0  0  0  0  1  2  0  0 11  0  2  1  0  0  0  1  0  2  0  0  0  1
   1]
 [ 0  2  0  0  0  0  0  0  0  0  0 19  0  0  0  0  0  0  0  0  0  0  1  0
   0]
 [ 0  0  0  0  0  0  1  0  0  0  2  0 15  0  0  0  0  0  0  1  0  0  1  0
   2]
 [ 0  0  1  0  0  0  1  0  0  0  7  0  1  9  0  0  0  0  0  0  0  0  0  0
   3]
 [ 0  3  0  0  0  0  0  4  0  0  0  0  0  0 17  0  0  0  0  0  0  0  0  0
   0]
 [ 0  1  0  0  0  0  0  0  0  0  0  0  0  0  0 23  0  0  0  0  0  0  0  0
   0]
 [ 0  0  0  0  0  0  1  0  0  0  2  0  1  0  0  0 12  2  0  1  0  0  1  0
   2]
 [ 0  0  0  0  1  0  0  0  0  0  0  0  0  0  0  0  0 19  0  0  0  0  0  0
   0]
 [ 0  0  0  0  0  0  0  0  0  0  0  0  0  0  0  0  0  0 42  0  0  0  0  0
   0]
 [ 1  0  0  0  1  0  3  0  0  0  0  0  0  0  0  0  0  0  0 15  0  0  2  0
   0]
 [ 0  0  0  0  0  0  0  0  0  0  0  0  0  0  0  0  0  0  0  0 24  0  0  0
   2]
 [ 0  0  0  0  0  0  1  0  0  0  3  0  0  1  0  0  0  1  0  0  0 14  0  0
   2]
 [ 2  0  1  0  3  0  1  1  0  0  1  0  1  2  0  0  0  0  0  0  0  0 10  0
   0]
 [ 1  0  0  0  0  0  1  0  0  0  9  0  0  0  0  0  0  0  0  0  1  0  0 16
   0]
 [ 0  0  0  0  0  0  0  0  0  2  0  0  3  1  0  0  0  0  0  0  0  2  0  0
  14]]

Top 20 Feature Importances:
--------------------------------------------------
   1. tire_temp_diff_fr                             0.0861
   2. tire_pressure_diff_lr                         0.0555
   3. percent_throttle_std                          0.0492
   4. jerk_mean                                     0.0477
   5. throttle_smoothness                           0.0472
   6. throttle_changes                              0.0452
   7. n_engine_mean                                 0.0447
   8. gear_ratio_mean                               0.0443
   9. g_lat_extreme_pct                             0.0409
  10. percent_throttle_mean                         0.0405
  11. gear_ratio_std                                0.0353
  12. n_engine_max                                  0.0349
  13. throttle_aggressive                           0.0327
  14. g_lat_min                                     0.0317
  15. g_long_min                                    0.0316
  16. g_lat_std                                     0.0301
  17. v_car_max                                     0.0295
  18. g_long_std                                    0.0282
  19. g_long_max                                    0.0281
  20. g_lat_max                                     0.0270

======================================================================